start=4505.823377
speed=1.610510
volume=130.000000
