start=1658.400000
speed=1.948717
