start=1814.383333
speed=1.610510
