start=995.450000
speed=1.610510
