start=1559.366667
speed=1.610510
fullscreen=yes
